service_id,monday,tuesday,wednesday,thursday,friday,saturday,sunday,start_date,end_date
319,0,0,0,0,0,0,0,20200719,20201219
610,0,0,0,0,0,0,0,20200719,20201219
510_1,0,0,0,0,0,0,0,20200719,20201219
158_1,0,0,0,0,0,0,0,20200719,20201219
3411,0,0,0,0,0,0,0,20200719,20201219
304_2,0,0,0,0,0,0,0,20200719,20201219
32_6,0,0,0,0,0,0,0,20200719,20201219
433,0,0,0,0,0,0,0,20200719,20201219
3332,0,0,0,0,0,0,0,20200719,20201219
113,0,0,0,0,0,0,0,20200719,20201219
3062,0,0,0,0,0,0,0,20200719,20201219
2062,0,0,0,0,0,0,0,20200719,20201219
902,0,0,0,0,0,0,0,20200719,20201219
150,0,0,0,0,0,0,0,20200719,20201219
512_1,0,0,0,0,0,0,0,20200719,20201219
5_4,0,0,0,0,0,0,0,20200719,20201219
303_1,0,0,0,0,0,0,0,20200719,20201219
201_6,0,0,0,0,0,0,0,20200719,20201219
3291,0,0,0,0,0,0,0,20200719,20201219
301_2,0,0,0,0,0,0,0,20200719,20201219
33_5,0,0,0,0,0,0,0,20200719,20201219
101_3,0,0,0,0,0,0,0,20200719,20201219
521_1,0,0,0,0,0,0,0,20200719,20201219
70_1,0,0,0,0,0,0,0,20200719,20201219
401_2,0,0,0,0,0,0,0,20200719,20201219
605_2,0,0,0,0,0,0,0,20200719,20201219
28_4,0,0,0,0,0,0,0,20200719,20201219
419,0,0,0,0,0,0,0,20200719,20201219
66_1,0,0,0,0,0,0,0,20200719,20201219
25_5,0,0,0,0,0,0,0,20200719,20201219
437,0,0,0,0,0,0,0,20200719,20201219
3301_1,0,0,0,0,0,0,0,20200719,20201219
212_1,0,0,0,0,0,0,0,20200719,20201219
154,0,0,0,0,0,0,0,20200719,20201219
1300,0,0,0,0,0,0,0,20200719,20201219
307_1,0,0,0,0,0,0,0,20200719,20201219
4106_1,0,0,0,0,0,0,0,20200719,20201219
109_2,0,0,0,0,0,0,0,20200719,20201219
111_2,0,0,0,0,0,0,0,20200719,20201219
131,0,0,0,0,0,0,0,20200719,20201219
3071,0,0,0,0,0,0,0,20200719,20201219
3192,0,0,0,0,0,0,0,20200719,20201219
151,0,0,0,0,0,0,0,20200719,20201219
401,0,0,0,0,0,0,0,20200719,20201219
4_6,0,0,0,0,0,0,0,20200719,20201219
424,0,0,0,0,0,0,0,20200719,20201219
5_6,0,0,0,0,0,0,0,20200719,20201219
1052,0,0,0,0,0,0,0,20200719,20201219
69_1,0,0,0,0,0,0,0,20200719,20201219
505_2,0,0,0,0,0,0,0,20200719,20201219
35_5,0,0,0,0,0,0,0,20200719,20201219
1_1,0,0,0,0,0,0,0,20200719,20201219
206_6,0,0,0,0,0,0,0,20200719,20201219
2061,0,0,0,0,0,0,0,20200719,20201219
210,0,0,0,0,0,0,0,20200719,20201219
302_3,0,0,0,0,0,0,0,20200719,20201219
3011,0,0,0,0,0,0,0,20200719,20201219
526,0,0,0,0,0,0,0,20200719,20201219
506_1,0,0,0,0,0,0,0,20200719,20201219
10_5,0,0,0,0,0,0,0,20200719,20201219
223,0,0,0,0,0,0,0,20200719,20201219
37_5,0,0,0,0,0,0,0,20200719,20201219
90,0,0,0,0,0,0,0,20200719,20201219
3201,0,0,0,0,0,0,0,20200719,20201219
409,0,0,0,0,0,0,0,20200719,20201219
504_2,0,0,0,0,0,0,0,20200719,20201219
128,0,0,0,0,0,0,0,20200719,20201219
200_3,0,0,0,0,0,0,0,20200719,20201219
19_3,0,0,0,0,0,0,0,20200719,20201219
205_1,0,0,0,0,0,0,0,20200719,20201219
3012,0,0,0,0,0,0,0,20200719,20201219
3133,0,0,0,0,0,0,0,20200719,20201219
107_1,0,0,0,0,0,0,0,20200719,20201219
204_3,0,0,0,0,0,0,0,20200719,20201219
409_1,0,0,0,0,0,0,0,20200719,20201219
3161,0,0,0,0,0,0,0,20200719,20201219
1021,0,0,0,0,0,0,0,20200719,20201219
503,0,0,0,0,0,0,0,20200719,20201219
19_4,0,0,0,0,0,0,0,20200719,20201219
150_2,0,0,0,0,0,0,0,20200719,20201219
202_7,0,0,0,0,0,0,0,20200719,20201219
35_3,0,0,0,0,0,0,0,20200719,20201219
1001_1,0,0,0,0,0,0,0,20200719,20201219
911_2,0,0,0,0,0,0,0,20200719,20201219
115,0,0,0,0,0,0,0,20200719,20201219
504_1,0,0,0,0,0,0,0,20200719,20201219
8_5,0,0,0,0,0,0,0,20200719,20201219
5_3,0,0,0,0,0,0,0,20200719,20201219
206,0,0,0,0,0,0,0,20200719,20201219
312_1,0,0,0,0,0,0,0,20200719,20201219
39_4,0,0,0,0,0,0,0,20200719,20201219
304_1,0,0,0,0,0,0,0,20200719,20201219
509,0,0,0,0,0,0,0,20200719,20201219
512_2,0,0,0,0,0,0,0,20200719,20201219
225,0,0,0,0,0,0,0,20200719,20201219
202_1,0,0,0,0,0,0,0,20200719,20201219
514,0,0,0,0,0,0,0,20200719,20201219
15_3,0,0,0,0,0,0,0,20200719,20201219
302_1,0,0,0,0,0,0,0,20200719,20201219
35_4,0,0,0,0,0,0,0,20200719,20201219
601_2,0,0,0,0,0,0,0,20200719,20201219
229,0,0,0,0,0,0,0,20200719,20201219
305_2,0,0,0,0,0,0,0,20200719,20201219
125,0,0,0,0,0,0,0,20200719,20201219
506,0,0,0,0,0,0,0,20200719,20201219
24_5,0,0,0,0,0,0,0,20200719,20201219
609,0,0,0,0,0,0,0,20200719,20201219
203,0,0,0,0,0,0,0,20200719,20201219
608,0,0,0,0,0,0,0,20200719,20201219
CCL MTuWThF-XHol-Xmas,0,0,0,0,0,0,0,20200719,20201219
1_8,0,0,0,0,0,0,0,20200719,20201219
156_1,0,0,0,0,0,0,0,20200719,20201219
203_7,0,0,0,0,0,0,0,20200719,20201219
205,0,0,0,0,0,0,0,20200719,20201219
2051,0,0,0,0,0,0,0,20200719,20201219
116_4,0,0,0,0,0,0,0,20200719,20201219
505,0,0,0,0,0,0,0,20200719,20201219
3202,0,0,0,0,0,0,0,20200719,20201219
1_9,0,0,0,0,0,0,0,20200719,20201219
110_4,0,0,0,0,0,0,0,20200719,20201219
38_3,0,0,0,0,0,0,0,20200719,20201219
145,0,0,0,0,0,0,0,20200719,20201219
2091,0,0,0,0,0,0,0,20200719,20201219
402_2,0,0,0,0,0,0,0,20200719,20201219
155_2,0,0,0,0,0,0,0,20200719,20201219
518,0,0,0,0,0,0,0,20200719,20201219
603_1,0,0,0,0,0,0,0,20200719,20201219
320,0,0,0,0,0,0,0,20200719,20201219
4103,0,0,0,0,0,0,0,20200719,20201219
27_5,0,0,0,0,0,0,0,20200719,20201219
203_8,0,0,0,0,0,0,0,20200719,20201219
4_5,0,0,0,0,0,0,0,20200719,20201219
62_1,0,0,0,0,0,0,0,20200719,20201219
315,0,0,0,0,0,0,0,20200719,20201219
9_5,0,0,0,0,0,0,0,20200719,20201219
1207,0,0,0,0,0,0,0,20200719,20201219
209,0,0,0,0,0,0,0,20200719,20201219
201_2,0,0,0,0,0,0,0,20200719,20201219
202,0,0,0,0,0,0,0,20200719,20201219
21_4,0,0,0,0,0,0,0,20200719,20201219
406_1,0,0,0,0,0,0,0,20200719,20201219
3_7,0,0,0,0,0,0,0,20200719,20201219
208_3,0,0,0,0,0,0,0,20200719,20201219
104,0,0,0,0,0,0,0,20200719,20201219
34_4,0,0,0,0,0,0,0,20200719,20201219
43_2,0,0,0,0,0,0,0,20200719,20201219
1001,0,0,0,0,0,0,0,20200719,20201219
107_2,0,0,0,0,0,0,0,20200719,20201219
901,0,0,0,0,0,0,0,20200719,20201219
33_4,0,0,0,0,0,0,0,20200719,20201219
224,0,0,0,0,0,0,0,20200719,20201219
103,0,0,0,0,0,0,0,20200719,20201219
439,0,0,0,0,0,0,0,20200719,20201219
209_2,0,0,0,0,0,0,0,20200719,20201219
WHF Sa,0,0,0,0,0,0,0,20200719,20201219
29_4,0,0,0,0,0,0,0,20200719,20201219
36_3,0,0,0,0,0,0,0,20200719,20201219
3061,0,0,0,0,0,0,0,20200719,20201219
2011,0,0,0,0,0,0,0,20200719,20201219
30_3,0,0,0,0,0,0,0,20200719,20201219
21_5,0,0,0,0,0,0,0,20200719,20201219
109_1,0,0,0,0,0,0,0,20200719,20201219
102_2,0,0,0,0,0,0,0,20200719,20201219
3112,0,0,0,0,0,0,0,20200719,20201219
213,0,0,0,0,0,0,0,20200719,20201219
108_1,0,0,0,0,0,0,0,20200719,20201219
142,0,0,0,0,0,0,0,20200719,20201219
13_5,0,0,0,0,0,0,0,20200719,20201219
113_2,0,0,0,0,0,0,0,20200719,20201219
216,0,0,0,0,0,0,0,20200719,20201219
Su+Hol,0,0,0,0,0,0,0,20200719,20201219
201_7,0,0,0,0,0,0,0,20200719,20201219
505_1,0,0,0,0,0,0,0,20200719,20201219
22_5,0,0,0,0,0,0,0,20200719,20201219
31_6,0,0,0,0,0,0,0,20200719,20201219
2101,0,0,0,0,0,0,0,20200719,20201219
302_4,0,0,0,0,0,0,0,20200719,20201219
605_3,0,0,0,0,0,0,0,20200719,20201219
3172,0,0,0,0,0,0,0,20200719,20201219
4705,0,0,0,0,0,0,0,20200719,20201219
WHF MTuWThF-XHol,0,0,0,0,0,0,0,20200719,20201219
27_4,0,0,0,0,0,0,0,20200719,20201219
601_1,0,0,0,0,0,0,0,20200719,20201219
414,0,0,0,0,0,0,0,20200719,20201219
10_4,0,0,0,0,0,0,0,20200719,20201219
305,0,0,0,0,0,0,0,20200719,20201219
41_2,0,0,0,0,0,0,0,20200719,20201219
25_4,0,0,0,0,0,0,0,20200719,20201219
207_2,0,0,0,0,0,0,0,20200719,20201219
214,0,0,0,0,0,0,0,20200719,20201219
231,0,0,0,0,0,0,0,20200719,20201219
29_3,0,0,0,0,0,0,0,20200719,20201219
11_3,0,0,0,0,0,0,0,20200719,20201219
48_1,0,0,0,0,0,0,0,20200719,20201219
3222,0,0,0,0,0,0,0,20200719,20201219
3333,0,0,0,0,0,0,0,20200719,20201219
207_4,0,0,0,0,0,0,0,20200719,20201219
507_1,0,0,0,0,0,0,0,20200719,20201219
206_5,0,0,0,0,0,0,0,20200719,20201219
4701,0,0,0,0,0,0,0,20200719,20201219
154_2,0,0,0,0,0,0,0,20200719,20201219
1131,0,0,0,0,0,0,0,20200719,20201219
3052,0,0,0,0,0,0,0,20200719,20201219
205_3,0,0,0,0,0,0,0,20200719,20201219
4704,0,0,0,0,0,0,0,20200719,20201219
441,0,0,0,0,0,0,0,20200719,20201219
41_4,0,0,0,0,0,0,0,20200719,20201219
8_4,0,0,0,0,0,0,0,20200719,20201219
436,0,0,0,0,0,0,0,20200719,20201219
7_3,0,0,0,0,0,0,0,20200719,20201219
40_2,0,0,0,0,0,0,0,20200719,20201219
401_1,0,0,0,0,0,0,0,20200719,20201219
512,0,0,0,0,0,0,0,20200719,20201219
79_2,0,0,0,0,0,0,0,20200719,20201219
31_5,0,0,0,0,0,0,0,20200719,20201219
410_1,0,0,0,0,0,0,0,20200719,20201219
135,0,0,0,0,0,0,0,20200719,20201219
430,0,0,0,0,0,0,0,20200719,20201219
71_1,0,0,0,0,0,0,0,20200719,20201219
3111_2,0,0,0,0,0,0,0,20200719,20201219
80,0,0,0,0,0,0,0,20200719,20201219
206_7,0,0,0,0,0,0,0,20200719,20201219
Rail SaSu+Hol-Xmas (WRL),0,0,0,0,0,0,0,20200719,20201219
2071,0,0,0,0,0,0,0,20200719,20201219
408,0,0,0,0,0,0,0,20200719,20201219
515,0,0,0,0,0,0,0,20200719,20201219
3301,0,0,0,0,0,0,0,20200719,20201219
1041,0,0,0,0,0,0,0,20200719,20201219
101_1,0,0,0,0,0,0,0,20200719,20201219
321_1,0,0,0,0,0,0,0,20200719,20201219
509_1,0,0,0,0,0,0,0,20200719,20201219
6_5,0,0,0,0,0,0,0,20200719,20201219
112,0,0,0,0,0,0,0,20200719,20201219
124_2,0,0,0,0,0,0,0,20200719,20201219
602_2,0,0,0,0,0,0,0,20200719,20201219
65_1,0,0,0,0,0,0,0,20200719,20201219
412_1,0,0,0,0,0,0,0,20200719,20201219
238,0,0,0,0,0,0,0,20200719,20201219
403_3,0,0,0,0,0,0,0,20200719,20201219
4102,0,0,0,0,0,0,0,20200719,20201219
231_3,0,0,0,0,0,0,0,20200719,20201219
3310,0,0,0,0,0,0,0,20200719,20201219
1108,0,0,0,0,0,0,0,20200719,20201219
20_4,0,0,0,0,0,0,0,20200719,20201219
1_10,0,0,0,0,0,0,0,20200719,20201219
204,0,0,0,0,0,0,0,20200719,20201219
129,0,0,0,0,0,0,0,20200719,20201219
205_8,0,0,0,0,0,0,0,20200719,20201219
614,0,0,0,0,0,0,0,20200719,20201219
324,0,0,0,0,0,0,0,20200719,20201219
119_3,0,0,0,0,0,0,0,20200719,20201219
12_4,0,0,0,0,0,0,0,20200719,20201219
14_5,0,0,0,0,0,0,0,20200719,20201219
306_2,0,0,0,0,0,0,0,20200719,20201219
232,0,0,0,0,0,0,0,20200719,20201219
55_1,0,0,0,0,0,0,0,20200719,20201219
123_2,0,0,0,0,0,0,0,20200719,20201219
600,0,0,0,0,0,0,0,20200719,20201219
3171,0,0,0,0,0,0,0,20200719,20201219
303_4,0,0,0,0,0,0,0,20200719,20201219
18_6,0,0,0,0,0,0,0,20200719,20201219
21_3,0,0,0,0,0,0,0,20200719,20201219
405_1,0,0,0,0,0,0,0,20200719,20201219
148,0,0,0,0,0,0,0,20200719,20201219
407_1,0,0,0,0,0,0,0,20200719,20201219
46_2,0,0,0,0,0,0,0,20200719,20201219
208_1,0,0,0,0,0,0,0,20200719,20201219
515_1,0,0,0,0,0,0,0,20200719,20201219
33_7,0,0,0,0,0,0,0,20200719,20201219
112_4,0,0,0,0,0,0,0,20200719,20201219
118,0,0,0,0,0,0,0,20200719,20201219
12_5,0,0,0,0,0,0,0,20200719,20201219
402_1,0,0,0,0,0,0,0,20200719,20201219
1072,0,0,0,0,0,0,0,20200719,20201219
3181,0,0,0,0,0,0,0,20200719,20201219
113_1,0,0,0,0,0,0,0,20200719,20201219
117_1,0,0,0,0,0,0,0,20200719,20201219
2111,0,0,0,0,0,0,0,20200719,20201219
2_2,0,0,0,0,0,0,0,20200719,20201219
103_1,0,0,0,0,0,0,0,20200719,20201219
3101_2,0,0,0,0,0,0,0,20200719,20201219
3121,0,0,0,0,0,0,0,20200719,20201219
Rail F-XHol,0,0,0,0,0,0,0,20200719,20201219
3232,0,0,0,0,0,0,0,20200719,20201219
111_5,0,0,0,0,0,0,0,20200719,20201219
123_3,0,0,0,0,0,0,0,20200719,20201219
13_4,0,0,0,0,0,0,0,20200719,20201219
220,0,0,0,0,0,0,0,20200719,20201219
129_2,0,0,0,0,0,0,0,20200719,20201219
208,0,0,0,0,0,0,0,20200719,20201219
82,0,0,0,0,0,0,0,20200719,20201219
153,0,0,0,0,0,0,0,20200719,20201219
202_2,0,0,0,0,0,0,0,20200719,20201219
3193,0,0,0,0,0,0,0,20200719,20201219
89,0,0,0,0,0,0,0,20200719,20201219
242,0,0,0,0,0,0,0,20200719,20201219
116_1,0,0,0,0,0,0,0,20200719,20201219
2082,0,0,0,0,0,0,0,20200719,20201219
59_1,0,0,0,0,0,0,0,20200719,20201219
310,0,0,0,0,0,0,0,20200719,20201219
2_7,0,0,0,0,0,0,0,20200719,20201219
41_3,0,0,0,0,0,0,0,20200719,20201219
2102,0,0,0,0,0,0,0,20200719,20201219
36_5,0,0,0,0,0,0,0,20200719,20201219
123,0,0,0,0,0,0,0,20200719,20201219
127_2,0,0,0,0,0,0,0,20200719,20201219
136,0,0,0,0,0,0,0,20200719,20201219
221,0,0,0,0,0,0,0,20200719,20201219
16_5,0,0,0,0,0,0,0,20200719,20201219
74_1,0,0,0,0,0,0,0,20200719,20201219
419_1,0,0,0,0,0,0,0,20200719,20201219
42_2,0,0,0,0,0,0,0,20200719,20201219
2042,0,0,0,0,0,0,0,20200719,20201219
78_1,0,0,0,0,0,0,0,20200719,20201219
1207_1,0,0,0,0,0,0,0,20200719,20201219
22_3,0,0,0,0,0,0,0,20200719,20201219
603,0,0,0,0,0,0,0,20200719,20201219
604,0,0,0,0,0,0,0,20200719,20201219
2022,0,0,0,0,0,0,0,20200719,20201219
513_2,0,0,0,0,0,0,0,20200719,20201219
219,0,0,0,0,0,0,0,20200719,20201219
7_5,0,0,0,0,0,0,0,20200719,20201219
214_2,0,0,0,0,0,0,0,20200719,20201219
307,0,0,0,0,0,0,0,20200719,20201219
3011_2,0,0,0,0,0,0,0,20200719,20201219
15_4,0,0,0,0,0,0,0,20200719,20201219
307_2,0,0,0,0,0,0,0,20200719,20201219
2,0,0,0,0,0,0,0,20200719,20201219
907,0,0,0,0,0,0,0,20200719,20201219
306,0,0,0,0,0,0,0,20200719,20201219
130,0,0,0,0,0,0,0,20200719,20201219
3533,0,0,0,0,0,0,0,20200719,20201219
1002_2,0,0,0,0,0,0,0,20200719,20201219
3,0,0,0,0,0,0,0,20200719,20201219
13_6,0,0,0,0,0,0,0,20200719,20201219
125_2,0,0,0,0,0,0,0,20200719,20201219
42_3,0,0,0,0,0,0,0,20200719,20201219
418,0,0,0,0,0,0,0,20200719,20201219
212,0,0,0,0,0,0,0,20200719,20201219
511,0,0,0,0,0,0,0,20200719,20201219
236,0,0,0,0,0,0,0,20200719,20201219
513,0,0,0,0,0,0,0,20200719,20201219
83,0,0,0,0,0,0,0,20200719,20201219
111_3,0,0,0,0,0,0,0,20200719,20201219
405_2,0,0,0,0,0,0,0,20200719,20201219
3531,0,0,0,0,0,0,0,20200719,20201219
202_5,0,0,0,0,0,0,0,20200719,20201219
119,0,0,0,0,0,0,0,20200719,20201219
3151,0,0,0,0,0,0,0,20200719,20201219
606,0,0,0,0,0,0,0,20200719,20201219
141,0,0,0,0,0,0,0,20200719,20201219
75_1,0,0,0,0,0,0,0,20200719,20201219
3341,0,0,0,0,0,0,0,20200719,20201219
703,0,0,0,0,0,0,0,20200719,20201219
611,0,0,0,0,0,0,0,20200719,20201219
318_1,0,0,0,0,0,0,0,20200719,20201219
120_1,0,0,0,0,0,0,0,20200719,20201219
126,0,0,0,0,0,0,0,20200719,20201219
301_3,0,0,0,0,0,0,0,20200719,20201219
4_3,0,0,0,0,0,0,0,20200719,20201219
607_1,0,0,0,0,0,0,0,20200719,20201219
117,0,0,0,0,0,0,0,20200719,20201219
30_5,0,0,0,0,0,0,0,20200719,20201219
303_2,0,0,0,0,0,0,0,20200719,20201219
157,0,0,0,0,0,0,0,20200719,20201219
127,0,0,0,0,0,0,0,20200719,20201219
504,0,0,0,0,0,0,0,20200719,20201219
3107,0,0,0,0,0,0,0,20200719,20201219
27_3,0,0,0,0,0,0,0,20200719,20201219
502_2,0,0,0,0,0,0,0,20200719,20201219
85,0,0,0,0,0,0,0,20200719,20201219
104_1,0,0,0,0,0,0,0,20200719,20201219
119_1,0,0,0,0,0,0,0,20200719,20201219
3022,0,0,0,0,0,0,0,20200719,20201219
1033,0,0,0,0,0,0,0,20200719,20201219
139,0,0,0,0,0,0,0,20200719,20201219
235,0,0,0,0,0,0,0,20200719,20201219
10_3,0,0,0,0,0,0,0,20200719,20201219
22_4,0,0,0,0,0,0,0,20200719,20201219
38_5,0,0,0,0,0,0,0,20200719,20201219
47_1,0,0,0,0,0,0,0,20200719,20201219
200_5,0,0,0,0,0,0,0,20200719,20201219
45_2,0,0,0,0,0,0,0,20200719,20201219
86_1,0,0,0,0,0,0,0,20200719,20201219
3_5,0,0,0,0,0,0,0,20200719,20201219
3102,0,0,0,0,0,0,0,20200719,20201219
407_2,0,0,0,0,0,0,0,20200719,20201219
212_4,0,0,0,0,0,0,0,20200719,20201219
206_2,0,0,0,0,0,0,0,20200719,20201219
37_4,0,0,0,0,0,0,0,20200719,20201219
701,0,0,0,0,0,0,0,20200719,20201219
3162,0,0,0,0,0,0,0,20200719,20201219
808,0,0,0,0,0,0,0,20200719,20201219
226,0,0,0,0,0,0,0,20200719,20201219
411,0,0,0,0,0,0,0,20200719,20201219
1062,0,0,0,0,0,0,0,20200719,20201219
CCL MTuWThF-XHol,0,0,0,0,0,0,0,20200719,20201219
114,0,0,0,0,0,0,0,20200719,20201219
2_8,0,0,0,0,0,0,0,20200719,20201219
228,0,0,0,0,0,0,0,20200719,20201219
9_4,0,0,0,0,0,0,0,20200719,20201219
16_3,0,0,0,0,0,0,0,20200719,20201219
114_1,0,0,0,0,0,0,0,20200719,20201219
203_1,0,0,0,0,0,0,0,20200719,20201219
204_2,0,0,0,0,0,0,0,20200719,20201219
14_3,0,0,0,0,0,0,0,20200719,20201219
507,0,0,0,0,0,0,0,20200719,20201219
117_2,0,0,0,0,0,0,0,20200719,20201219
2_1,0,0,0,0,0,0,0,20200719,20201219
513_1,0,0,0,0,0,0,0,20200719,20201219
207,0,0,0,0,0,0,0,20200719,20201219
3122,0,0,0,0,0,0,0,20200719,20201219
303,0,0,0,0,0,0,0,20200719,20201219
603_2,0,0,0,0,0,0,0,20200719,20201219
28_5,0,0,0,0,0,0,0,20200719,20201219
210_3,0,0,0,0,0,0,0,20200719,20201219
73_2,0,0,0,0,0,0,0,20200719,20201219
146,0,0,0,0,0,0,0,20200719,20201219
230,0,0,0,0,0,0,0,20200719,20201219
17_3,0,0,0,0,0,0,0,20200719,20201219
17_4,0,0,0,0,0,0,0,20200719,20201219
502_3,0,0,0,0,0,0,0,20200719,20201219
3101,0,0,0,0,0,0,0,20200719,20201219
3191,0,0,0,0,0,0,0,20200719,20201219
3082,0,0,0,0,0,0,0,20200719,20201219
415,0,0,0,0,0,0,0,20200719,20201219
32_4,0,0,0,0,0,0,0,20200719,20201219
138,0,0,0,0,0,0,0,20200719,20201219
611_1,0,0,0,0,0,0,0,20200719,20201219
126_2,0,0,0,0,0,0,0,20200719,20201219
2081,0,0,0,0,0,0,0,20200719,20201219
502_1,0,0,0,0,0,0,0,20200719,20201219
3152,0,0,0,0,0,0,0,20200719,20201219
405,0,0,0,0,0,0,0,20200719,20201219
233,0,0,0,0,0,0,0,20200719,20201219
68_1,0,0,0,0,0,0,0,20200719,20201219
511_1,0,0,0,0,0,0,0,20200719,20201219
303_3,0,0,0,0,0,0,0,20200719,20201219
435_1,0,0,0,0,0,0,0,20200719,20201219
3042,0,0,0,0,0,0,0,20200719,20201219
121_2,0,0,0,0,0,0,0,20200719,20201219
107,0,0,0,0,0,0,0,20200719,20201219
302,0,0,0,0,0,0,0,20200719,20201219
420,0,0,0,0,0,0,0,20200719,20201219
514_2,0,0,0,0,0,0,0,20200719,20201219
210_1,0,0,0,0,0,0,0,20200719,20201219
1012,0,0,0,0,0,0,0,20200719,20201219
1031,0,0,0,0,0,0,0,20200719,20201219
23_3,0,0,0,0,0,0,0,20200719,20201219
120_3,0,0,0,0,0,0,0,20200719,20201219
3221,0,0,0,0,0,0,0,20200719,20201219
313,0,0,0,0,0,0,0,20200719,20201219
411_1,0,0,0,0,0,0,0,20200719,20201219
834,0,0,0,0,0,0,0,20200719,20201219
416_1,0,0,0,0,0,0,0,20200719,20201219
203_2,0,0,0,0,0,0,0,20200719,20201219
104_2,0,0,0,0,0,0,0,20200719,20201219
1410,0,0,0,0,0,0,0,20200719,20201219
88,0,0,0,0,0,0,0,20200719,20201219
602_1,0,0,0,0,0,0,0,20200719,20201219
607,0,0,0,0,0,0,0,20200719,20201219
114_4,0,0,0,0,0,0,0,20200719,20201219
153_2,0,0,0,0,0,0,0,20200719,20201219
519,0,0,0,0,0,0,0,20200719,20201219
151_2,0,0,0,0,0,0,0,20200719,20201219
81,0,0,0,0,0,0,0,20200719,20201219
128_2,0,0,0,0,0,0,0,20200719,20201219
108,0,0,0,0,0,0,0,20200719,20201219
112_1,0,0,0,0,0,0,0,20200719,20201219
33_6,0,0,0,0,0,0,0,20200719,20201219
19_5,0,0,0,0,0,0,0,20200719,20201219
39_3,0,0,0,0,0,0,0,20200719,20201219
613,0,0,0,0,0,0,0,20200719,20201219
3123,0,0,0,0,0,0,0,20200719,20201219
508,0,0,0,0,0,0,0,20200719,20201219
102_1,0,0,0,0,0,0,0,20200719,20201219
117_4,0,0,0,0,0,0,0,20200719,20201219
73_1,0,0,0,0,0,0,0,20200719,20201219
26_4,0,0,0,0,0,0,0,20200719,20201219
237,0,0,0,0,0,0,0,20200719,20201219
2032,0,0,0,0,0,0,0,20200719,20201219
1002_1,0,0,0,0,0,0,0,20200719,20201219
43_3,0,0,0,0,0,0,0,20200719,20201219
414_1,0,0,0,0,0,0,0,20200719,20201219
429,0,0,0,0,0,0,0,20200719,20201219
432,0,0,0,0,0,0,0,20200719,20201219
204_10,0,0,0,0,0,0,0,20200719,20201219
52_1,0,0,0,0,0,0,0,20200719,20201219
222,0,0,0,0,0,0,0,20200719,20201219
1113,0,0,0,0,0,0,0,20200719,20201219
32_5,0,0,0,0,0,0,0,20200719,20201219
417_1,0,0,0,0,0,0,0,20200719,20201219
213_3,0,0,0,0,0,0,0,20200719,20201219
105_2,0,0,0,0,0,0,0,20200719,20201219
61_1,0,0,0,0,0,0,0,20200719,20201219
318,0,0,0,0,0,0,0,20200719,20201219
404,0,0,0,0,0,0,0,20200719,20201219
144,0,0,0,0,0,0,0,20200719,20201219
2041,0,0,0,0,0,0,0,20200719,20201219
113_4,0,0,0,0,0,0,0,20200719,20201219
4703,0,0,0,0,0,0,0,20200719,20201219
Sa,0,0,0,0,0,0,0,20200719,20201219
3381,0,0,0,0,0,0,0,20200719,20201219
402,0,0,0,0,0,0,0,20200719,20201219
213_2,0,0,0,0,0,0,0,20200719,20201219
1013,0,0,0,0,0,0,0,20200719,20201219
51_1,0,0,0,0,0,0,0,20200719,20201219
37_6,0,0,0,0,0,0,0,20200719,20201219
531,0,0,0,0,0,0,0,20200719,20201219
11_5,0,0,0,0,0,0,0,20200719,20201219
203_6,0,0,0,0,0,0,0,20200719,20201219
14_4,0,0,0,0,0,0,0,20200719,20201219
601,0,0,0,0,0,0,0,20200719,20201219
39_2,0,0,0,0,0,0,0,20200719,20201219
111,0,0,0,0,0,0,0,20200719,20201219
1051,0,0,0,0,0,0,0,20200719,20201219
3041,0,0,0,0,0,0,0,20200719,20201219
124,0,0,0,0,0,0,0,20200719,20201219
26_5,0,0,0,0,0,0,0,20200719,20201219
60_1,0,0,0,0,0,0,0,20200719,20201219
3031,0,0,0,0,0,0,0,20200719,20201219
17_5,0,0,0,0,0,0,0,20200719,20201219
244,0,0,0,0,0,0,0,20200719,20201219
431,0,0,0,0,0,0,0,20200719,20201219
4101,0,0,0,0,0,0,0,20200719,20201219
215,0,0,0,0,0,0,0,20200719,20201219
417,0,0,0,0,0,0,0,20200719,20201219
506_2,0,0,0,0,0,0,0,20200719,20201219
149,0,0,0,0,0,0,0,20200719,20201219
428,0,0,0,0,0,0,0,20200719,20201219
211_2,0,0,0,0,0,0,0,20200719,20201219
301_1,0,0,0,0,0,0,0,20200719,20201219
133,0,0,0,0,0,0,0,20200719,20201219
1071,0,0,0,0,0,0,0,20200719,20201219
105,0,0,0,0,0,0,0,20200719,20201219
CCL Sa,0,0,0,0,0,0,0,20200719,20201219
1313,0,0,0,0,0,0,0,20200719,20201219
122,0,0,0,0,0,0,0,20200719,20201219
20_5,0,0,0,0,0,0,0,20200719,20201219
106_1,0,0,0,0,0,0,0,20200719,20201219
3535,0,0,0,0,0,0,0,20200719,20201219
38_4,0,0,0,0,0,0,0,20200719,20201219
3021,0,0,0,0,0,0,0,20200719,20201219
45_1,0,0,0,0,0,0,0,20200719,20201219
2072,0,0,0,0,0,0,0,20200719,20201219
44_3,0,0,0,0,0,0,0,20200719,20201219
305_1,0,0,0,0,0,0,0,20200719,20201219
241,0,0,0,0,0,0,0,20200719,20201219
72_1,0,0,0,0,0,0,0,20200719,20201219
1410_1,0,0,0,0,0,0,0,20200719,20201219
63_1,0,0,0,0,0,0,0,20200719,20201219
503_2,0,0,0,0,0,0,0,20200719,20201219
18_5,0,0,0,0,0,0,0,20200719,20201219
514_1,0,0,0,0,0,0,0,20200719,20201219
416,0,0,0,0,0,0,0,20200719,20201219
4104,0,0,0,0,0,0,0,20200719,20201219
209_1,0,0,0,0,0,0,0,20200719,20201219
Rail Sa,0,0,0,0,0,0,0,20200719,20201219
612,0,0,0,0,0,0,0,20200719,20201219
504_3,0,0,0,0,0,0,0,20200719,20201219
58_2,0,0,0,0,0,0,0,20200719,20201219
412,0,0,0,0,0,0,0,20200719,20201219
1133,0,0,0,0,0,0,0,20200719,20201219
16_4,0,0,0,0,0,0,0,20200719,20201219
112_2,0,0,0,0,0,0,0,20200719,20201219
605_4,0,0,0,0,0,0,0,20200719,20201219
143,0,0,0,0,0,0,0,20200719,20201219
6_4,0,0,0,0,0,0,0,20200719,20201219
115_4,0,0,0,0,0,0,0,20200719,20201219
31_4,0,0,0,0,0,0,0,20200719,20201219
2021,0,0,0,0,0,0,0,20200719,20201219
23_5,0,0,0,0,0,0,0,20200719,20201219
421,0,0,0,0,0,0,0,20200719,20201219
306_1,0,0,0,0,0,0,0,20200719,20201219
211_1,0,0,0,0,0,0,0,20200719,20201219
30_4,0,0,0,0,0,0,0,20200719,20201219
56_1,0,0,0,0,0,0,0,20200719,20201219
602,0,0,0,0,0,0,0,20200719,20201219
24_3,0,0,0,0,0,0,0,20200719,20201219
34_6,0,0,0,0,0,0,0,20200719,20201219
2012,0,0,0,0,0,0,0,20200719,20201219
1002,0,0,0,0,0,0,0,20200719,20201219
121,0,0,0,0,0,0,0,20200719,20201219
319_1,0,0,0,0,0,0,0,20200719,20201219
3141,0,0,0,0,0,0,0,20200719,20201219
103_2,0,0,0,0,0,0,0,20200719,20201219
18_4,0,0,0,0,0,0,0,20200719,20201219
316_1,0,0,0,0,0,0,0,20200719,20201219
211_4,0,0,0,0,0,0,0,20200719,20201219
227,0,0,0,0,0,0,0,20200719,20201219
11_4,0,0,0,0,0,0,0,20200719,20201219
6_3,0,0,0,0,0,0,0,20200719,20201219
801,0,0,0,0,0,0,0,20200719,20201219
418_1,0,0,0,0,0,0,0,20200719,20201219
WHF Su+Hol,0,0,0,0,0,0,0,20200719,20201219
3132,0,0,0,0,0,0,0,20200719,20201219
413,0,0,0,0,0,0,0,20200719,20201219
505_3,0,0,0,0,0,0,0,20200719,20201219
501_2,0,0,0,0,0,0,0,20200719,20201219
419_2,0,0,0,0,0,0,0,20200719,20201219
3604,0,0,0,0,0,0,0,20200719,20201219
427,0,0,0,0,0,0,0,20200719,20201219
309,0,0,0,0,0,0,0,20200719,20201219
408_1,0,0,0,0,0,0,0,20200719,20201219
3104,0,0,0,0,0,0,0,20200719,20201219
84,0,0,0,0,0,0,0,20200719,20201219
503_1,0,0,0,0,0,0,0,20200719,20201219
64_1,0,0,0,0,0,0,0,20200719,20201219
422,0,0,0,0,0,0,0,20200719,20201219
3611,0,0,0,0,0,0,0,20200719,20201219
410,0,0,0,0,0,0,0,20200719,20201219
1_2,0,0,0,0,0,0,0,20200719,20201219
115_2,0,0,0,0,0,0,0,20200719,20201219
314_1,0,0,0,0,0,0,0,20200719,20201219
40_4,0,0,0,0,0,0,0,20200719,20201219
200_4,0,0,0,0,0,0,0,20200719,20201219
1032,0,0,0,0,0,0,0,20200719,20201219
315_1,0,0,0,0,0,0,0,20200719,20201219
3092,0,0,0,0,0,0,0,20200719,20201219
243,0,0,0,0,0,0,0,20200719,20201219
108_2,0,0,0,0,0,0,0,20200719,20201219
54_1,0,0,0,0,0,0,0,20200719,20201219
29_5,0,0,0,0,0,0,0,20200719,20201219
415_1,0,0,0,0,0,0,0,20200719,20201219
3211,0,0,0,0,0,0,0,20200719,20201219
314,0,0,0,0,0,0,0,20200719,20201219
116,0,0,0,0,0,0,0,20200719,20201219
1001_2,0,0,0,0,0,0,0,20200719,20201219
502,0,0,0,0,0,0,0,20200719,20201219
321,0,0,0,0,0,0,0,20200719,20201219
147,0,0,0,0,0,0,0,20200719,20201219
115_1,0,0,0,0,0,0,0,20200719,20201219
322,0,0,0,0,0,0,0,20200719,20201219
211,0,0,0,0,0,0,0,20200719,20201219
316,0,0,0,0,0,0,0,20200719,20201219
53_1,0,0,0,0,0,0,0,20200719,20201219
4105,0,0,0,0,0,0,0,20200719,20201219
TuTh-XHol,0,0,0,0,0,0,0,20200719,20201219
46_1,0,0,0,0,0,0,0,20200719,20201219
3081,0,0,0,0,0,0,0,20200719,20201219
204_8,0,0,0,0,0,0,0,20200719,20201219
26_3,0,0,0,0,0,0,0,20200719,20201219
2112,0,0,0,0,0,0,0,20200719,20201219
76_1,0,0,0,0,0,0,0,20200719,20201219
101_2,0,0,0,0,0,0,0,20200719,20201219
404_2,0,0,0,0,0,0,0,20200719,20201219
5_5,0,0,0,0,0,0,0,20200719,20201219
111_1,0,0,0,0,0,0,0,20200719,20201219
615,0,0,0,0,0,0,0,20200719,20201219
3433,0,0,0,0,0,0,0,20200719,20201219
4_7,0,0,0,0,0,0,0,20200719,20201219
152_2,0,0,0,0,0,0,0,20200719,20201219
114_2,0,0,0,0,0,0,0,20200719,20201219
1312,0,0,0,0,0,0,0,20200719,20201219
403,0,0,0,0,0,0,0,20200719,20201219
404_1,0,0,0,0,0,0,0,20200719,20201219
525,0,0,0,0,0,0,0,20200719,20201219
322_1,0,0,0,0,0,0,0,20200719,20201219
28_3,0,0,0,0,0,0,0,20200719,20201219
3142,0,0,0,0,0,0,0,20200719,20201219
205_2,0,0,0,0,0,0,0,20200719,20201219
36_4,0,0,0,0,0,0,0,20200719,20201219
12_6,0,0,0,0,0,0,0,20200719,20201219
202_6,0,0,0,0,0,0,0,20200719,20201219
44_2,0,0,0,0,0,0,0,20200719,20201219
435,0,0,0,0,0,0,0,20200719,20201219
7_4,0,0,0,0,0,0,0,20200719,20201219
57_1,0,0,0,0,0,0,0,20200719,20201219
308_1,0,0,0,0,0,0,0,20200719,20201219
605_1,0,0,0,0,0,0,0,20200719,20201219
3_6,0,0,0,0,0,0,0,20200719,20201219
4702,0,0,0,0,0,0,0,20200719,20201219
521,0,0,0,0,0,0,0,20200719,20201219
403_2,0,0,0,0,0,0,0,20200719,20201219
501,0,0,0,0,0,0,0,20200719,20201219
524,0,0,0,0,0,0,0,20200719,20201219
105_1,0,0,0,0,0,0,0,20200719,20201219
604_2,0,0,0,0,0,0,0,20200719,20201219
239,0,0,0,0,0,0,0,20200719,20201219
413_1,0,0,0,0,0,0,0,20200719,20201219
909,0,0,0,0,0,0,0,20200719,20201219
406,0,0,0,0,0,0,0,20200719,20201219
2092,0,0,0,0,0,0,0,20200719,20201219
34_5,0,0,0,0,0,0,0,20200719,20201219
510,0,0,0,0,0,0,0,20200719,20201219
501_1,0,0,0,0,0,0,0,20200719,20201219
217,0,0,0,0,0,0,0,20200719,20201219
2031,0,0,0,0,0,0,0,20200719,20201219
205_10,0,0,0,0,0,0,0,20200719,20201219
325,0,0,0,0,0,0,0,20200719,20201219
3051,0,0,0,0,0,0,0,20200719,20201219
1011,0,0,0,0,0,0,0,20200719,20201219
706_1,0,0,0,0,0,0,0,20200719,20201219
15_5,0,0,0,0,0,0,0,20200719,20201219
406_2,0,0,0,0,0,0,0,20200719,20201219
311,0,0,0,0,0,0,0,20200719,20201219
234,0,0,0,0,0,0,0,20200719,20201219
205_9,0,0,0,0,0,0,0,20200719,20201219
155,0,0,0,0,0,0,0,20200719,20201219
Rail Sa-XSun,0,0,0,0,0,0,0,20200719,20201219
118_3,0,0,0,0,0,0,0,20200719,20201219
50_1,0,0,0,0,0,0,0,20200719,20201219
1,0,0,0,0,0,0,0,20200719,20201219
101,0,0,0,0,0,0,0,20200719,20201219
206_1,0,0,0,0,0,0,0,20200719,20201219
304,0,0,0,0,0,0,0,20200719,20201219
4706_1,0,0,0,0,0,0,0,20200719,20201219
Rail SaSu+Hol,0,0,0,0,0,0,0,20200719,20201219
116_2,0,0,0,0,0,0,0,20200719,20201219
67_1,0,0,0,0,0,0,0,20200719,20201219
1061,0,0,0,0,0,0,0,20200719,20201219
86,0,0,0,0,0,0,0,20200719,20201219
132,0,0,0,0,0,0,0,20200719,20201219
109,0,0,0,0,0,0,0,20200719,20201219
201,0,0,0,0,0,0,0,20200719,20201219
77_1,0,0,0,0,0,0,0,20200719,20201219
23_4,0,0,0,0,0,0,0,20200719,20201219
240,0,0,0,0,0,0,0,20200719,20201219
323,0,0,0,0,0,0,0,20200719,20201219
CCL Su+Hol-Xmas,0,0,0,0,0,0,0,20200719,20201219
308,0,0,0,0,0,0,0,20200719,20201219
204_9,0,0,0,0,0,0,0,20200719,20201219
102,0,0,0,0,0,0,0,20200719,20201219
311_1,0,0,0,0,0,0,0,20200719,20201219
218,0,0,0,0,0,0,0,20200719,20201219
3131,0,0,0,0,0,0,0,20200719,20201219
3111,0,0,0,0,0,0,0,20200719,20201219
44_1,0,0,0,0,0,0,0,20200719,20201219
8_3,0,0,0,0,0,0,0,20200719,20201219
312,0,0,0,0,0,0,0,20200719,20201219
3182,0,0,0,0,0,0,0,20200719,20201219
302_2,0,0,0,0,0,0,0,20200719,20201219
118_1,0,0,0,0,0,0,0,20200719,20201219
Rail MTuWThF-XHol,0,0,0,0,0,0,0,20200719,20201219
2_9,0,0,0,0,0,0,0,20200719,20201219
3609,0,0,0,0,0,0,0,20200719,20201219
20_3,0,0,0,0,0,0,0,20200719,20201219
24_4,0,0,0,0,0,0,0,20200719,20201219
426,0,0,0,0,0,0,0,20200719,20201219
605,0,0,0,0,0,0,0,20200719,20201219
3032,0,0,0,0,0,0,0,20200719,20201219
122_2,0,0,0,0,0,0,0,20200719,20201219
25_3,0,0,0,0,0,0,0,20200719,20201219
407,0,0,0,0,0,0,0,20200719,20201219
508_1,0,0,0,0,0,0,0,20200719,20201219
87,0,0,0,0,0,0,0,20200719,20201219
110_2,0,0,0,0,0,0,0,20200719,20201219
301,0,0,0,0,0,0,0,20200719,20201219
3331,0,0,0,0,0,0,0,20200719,20201219
137,0,0,0,0,0,0,0,20200719,20201219
403_1,0,0,0,0,0,0,0,20200719,20201219
120,0,0,0,0,0,0,0,20200719,20201219
152,0,0,0,0,0,0,0,20200719,20201219
204_1,0,0,0,0,0,0,0,20200719,20201219
1042,0,0,0,0,0,0,0,20200719,20201219
9_3,0,0,0,0,0,0,0,20200719,20201219
106,0,0,0,0,0,0,0,20200719,20201219
40_3,0,0,0,0,0,0,0,20200719,20201219
2052,0,0,0,0,0,0,0,20200719,20201219
110,0,0,0,0,0,0,0,20200719,20201219
3072,0,0,0,0,0,0,0,20200719,20201219
201_8,0,0,0,0,0,0,0,20200719,20201219
316_2,0,0,0,0,0,0,0,20200719,20201219
110_1,0,0,0,0,0,0,0,20200719,20201219
140,0,0,0,0,0,0,0,20200719,20201219
201_1,0,0,0,0,0,0,0,20200719,20201219
207_1,0,0,0,0,0,0,0,20200719,20201219
604_1,0,0,0,0,0,0,0,20200719,20201219
